0.2258685 -2.831443 2.119057 2.394133 1.487762
2.567619 -0.5225758 -0.04099024 2.269759 -0.08680435
-2.385923 2.630037 2.631204 -0.5174795 -0.4707594
-0.2382848 3.100866 2.152882 2.618139 2.465289
-0.4726137 -0.1024436 0.2285305 0.3972406 -0.2405938
0.07014658 2.611196 -0.835022 2.802835 2.239517
-0.9024763 1.889445 2.52554 -1.12288 -0.6782134
-0.8568751 -1.107601 -0.9655956 -0.6533448 -0.8227167
-0.6355928 -0.7746884 -1.001219 -0.8630109 -0.7424096
-0.6896748 -0.8380018 -0.9236818 -0.3249065 -0.8130336
-0.904255 -0.4393579 2.644459 0.1613983 2.827658
1.927642 2.414751 1.967021 2.01792 2.296676
2.279882 1.912322 1.176511 -1.790258 0.2042476
3.115323 -0.5408959 -0.9416968 -0.819273 -1.016341
-0.9174746 -0.8857307 -0.8905545 -0.5720622 -0.5825323
-0.667611 -0.883296 -0.9858003 -0.422778 -0.4777009
0.05349549 -0.6046655 -0.1018102 2.481677 0.09672737
2.26054 2.253402 2.351697 2.904217 2.492267
2.40159 2.324669 2.839205 2.186407 2.086689
2.326583 -0.4591452 1.474493 -2.385219 -1.476203
-1.654044 -1.009205 0.8440645 3.077881 2.657845
2.893774 -0.9175267 -1.237671 1.763129 -1.538637
-0.6618325 0.2312221 0.3855805 -0.3070655 -0.795324
0.1247478 -0.2639205 -0.2099732 -0.747597 2.234565
2.065231 0.2567174 2.905962 1.989726 2.568037
1.978214 2.201835 2.308467 2.855079 -0.8945521
2.244825 2.22194 -1.554456 -0.6146704 0.1132826
-0.9334799 -0.8572522 -0.8438344 -0.6624563 -0.2826053
-0.7246839 -0.7980522 -1.177019 -0.8553335 -0.8862723
-0.3836617 -0.9853491 0.1453621 1.369133 2.75078
-0.5326002 2.271088 2.383061 2.363056 2.479548
1.997799 2.577021 -0.7592283 2.743186 2.125232
2.449569 2.054508 2.700203 -0.292174 0.2230163
2.33203 0.05154216 0.4290701 2.495565 2.072228
-3.115709 -0.621198 2.033755 2.327328 -0.9320735
2.497832 2.108234 3.091324 2.777886 1.03939
2.688362 1.965002 2.831927 2.79814 2.783979
-1.421597 -0.4657648 2.295808 2.888257 1.769398
0.769572 0.2610333 2.838206 0.07261798 -0.6239708
-0.02822669 2.257084 -0.490605 2.661955 2.337897
3.060069 2.264225 2.878871 2.949174 -0.7626412
-1.118004 -0.5117173 -0.6954989 -0.293527 -0.3902338
1.456629 -3.107364 -0.1949377 -2.869341 1.902237
2.270189 2.224402 2.733378 -0.4954045 0.2414705
2.259247 -0.3814517 -2.708336 2.730383 2.529922
-0.2445076 -0.1766292 -0.2716124 -2.993886 1.9933
2.344045 2.184857 -0.3581476 -0.1975903 0.2605471
-0.1763451 -0.174854 -0.3937917 2.566023 -0.7422917
2.703115 2.337508 -0.7723203 1.724923 2.549036
-0.8629339 -0.5708794 -0.6337355 -0.8573694 -1.020847
-0.7777725 -0.5828524 -0.5414334 -0.8017913 -0.666336
-0.8939523 -0.8673989 -0.9648875 -0.5265211 -0.9462078
-0.5817314 -0.8907399 0.01828574 -0.1392652 2.88036
-0.6969704 2.746513 2.392374 2.784434 1.787686
2.017729 2.41052 2.254463 2.420344 0.2112917
-0.7958094 0.5742069 0.9912348 -0.4789628 -0.8737892
-0.6734573 -0.7366185 -1.097714 -0.5698873 -0.5839273
-0.6136231 -0.6351612 -0.6552954 -0.5582916 -0.6889695
-0.2797717 -0.538272 -0.4539877 -0.7212293 -0.2171588
2.617874 -0.6021077 2.6163 2.528807 2.036437
2.824923 2.447131 2.53607 2.481545 2.816247
2.559363 1.94067 1.999392 2.490625 1.093191
0.7075929 -1.449448 -3.0761 -2.021575 0.1076849
0.0555235 -0.7346238 -0.3612892 -1.38786 -0.8760481
0.03350029 0.09033674 0.3121413 -0.01656113 -0.4124484
-0.2825651 -0.4220661 2.139937 -0.2994076 2.783014
2.028134 2.499307 2.046308 2.430452 1.963822
2.778949 -1.009842 2.431373 2.33921 -1.579917
-0.2746473 -0.2720761 -1.027423 -0.8615649 -0.8185594
-0.7062147 -0.2641418 -0.5120637 -0.5991712 -0.9595862
-0.5702241 -0.4810783 -0.8055914 -0.4160472 -0.07702979
0.9036016 2.719509 -0.3920386 2.552406 2.036441
2.793673 1.86197 2.452383 2.601773 -0.6617411
2.465521 1.642567 2.388334 1.856137 2.592231
-0.3888158 0.1668201 2.525844 0.5271614 -0.072067
2.267283 1.771978 2.838172 -0.4576958 2.096152
2.308872 -0.9223264 2.54462 2.16725 2.840144
2.958857 1.619297 2.892572 1.84317 2.700819
2.952565 2.849735 -1.686021 0.2064021 2.431685
3.121889 1.874452 0.5869447 0.05420244 2.797318
0.285366 -0.3833326 0.1429608 2.117905 0.1817037
2.550203 2.019104 2.913788 2.468729 2.705397
2.727241 -0.6900663 -0.8376769 -0.9058101 -0.3325327
-1.110073 -0.3333907 2.0055 -2.028844
