<?xml version="1.0" standalone="no"?>
<!DOCTYPE svg PUBLIC "-//W3C//DTD SVG 20010904//EN"
 "http://www.w3.org/TR/2001/REC-SVG-20010904/DTD/svg10.dtd">
<svg version="1.0" xmlns="http://www.w3.org/2000/svg"
 width="735.000000pt" height="852.000000pt" viewBox="0 0 735.000000 852.000000"
 preserveAspectRatio="xMidYMid meet">
<metadata>
Created by potrace 1.16, written by Peter Selinger 2001-2019
</metadata>
<g transform="translate(0.000000,852.000000) scale(0.100000,-0.100000)"
fill="#000000" stroke="none">
<path d="M1835 7436 l-1830 -1055 -3 -2114 -2 -2113 1832 -1059 c1653 -954
1835 -1057 1858 -1048 14 6 840 481 1835 1056 l1810 1046 3 2111 2 2111 -22
-11 -23 -11 22 18 c23 18 22 18 -285 196 -691 401 -1429 827 -1452 839 -14 7
-443 253 -953 546 -510 294 -936 536 -945 538 -10 3 -800 -447 -1847 -1050z
m5455 -1091 c0 -2 -13 -11 -30 -20 -38 -19 -40 -11 -2 9 31 17 32 18 32 11z
m-75 -44 c-16 -14 -105 -63 -105 -58 0 5 101 66 110 67 2 0 0 -4 -5 -9z m-115
-66 c0 -2 -13 -11 -30 -20 -38 -19 -40 -11 -2 9 31 17 32 18 32 11z m-70 -40
c0 -2 -13 -11 -30 -20 -38 -19 -40 -11 -2 9 31 17 32 18 32 11z m-70 -40 c0
-2 -13 -11 -30 -20 -38 -19 -40 -11 -2 9 31 17 32 18 32 11z m-75 -44 c-16
-14 -105 -63 -105 -58 0 5 101 66 110 67 2 0 0 -4 -5 -9z m-129 -76 c-11 -8
-25 -15 -30 -15 -6 1 0 7 14 15 32 19 40 18 16 0z m-1186 -680 c0 -2 -10 -9
-22 -15 -22 -11 -22 -10 -4 4 21 17 26 19 26 11z m-50 -30 c0 -2 -13 -11 -30
-20 -38 -19 -40 -11 -2 9 31 17 32 18 32 11z m-70 -40 c0 -2 -13 -11 -30 -20
-38 -19 -40 -11 -2 9 31 17 32 18 32 11z m-70 -40 c0 -2 -13 -11 -30 -20 -38
-19 -40 -11 -2 9 31 17 32 18 32 11z m-75 -44 c-16 -14 -105 -63 -105 -58 0 5
101 66 110 67 2 0 0 -4 -5 -9z m-115 -66 c0 -2 -13 -11 -30 -20 -38 -19 -40
-11 -2 9 31 17 32 18 32 11z m-70 -40 c0 -2 -13 -11 -30 -20 -38 -19 -40 -11
-2 9 31 17 32 18 32 11z m-70 -40 c0 -2 -13 -11 -30 -20 -38 -19 -40 -11 -2 9
31 17 32 18 32 11z m-75 -44 c-16 -14 -105 -63 -105 -58 0 5 101 66 110 67 2
0 0 -4 -5 -9z m-115 -66 c0 -2 -13 -11 -30 -20 -38 -19 -40 -11 -2 9 31 17 32
18 32 11z m-3360 -670 l0 -636 -87 3 c-86 3 -88 4 -91 28 -1 14 -5 45 -8 69
l-6 44 -18 -30 c-50 -84 -149 -128 -269 -121 -89 5 -138 27 -200 89 -83 83
-125 203 -124 354 1 199 82 354 222 422 47 23 69 27 141 27 73 0 92 -4 137
-27 28 -14 60 -38 72 -53 l21 -27 0 240 c0 132 3 243 7 246 3 4 51 7 105 7
l98 0 0 -635z m3290 630 c0 -2 -13 -11 -30 -20 -38 -19 -40 -11 -2 9 31 17 32
18 32 11z m1195 -630 l0 -630 -72 -3 -73 -3 0 636 0 636 73 -3 72 -3 0 -630z
m-1265 590 c0 -2 -13 -11 -30 -20 -38 -19 -40 -11 -2 9 31 17 32 18 32 11z
m-75 -44 c-16 -14 -105 -63 -105 -58 0 5 101 66 110 67 2 0 0 -4 -5 -9z m-115
-66 c0 -2 -13 -11 -30 -20 -38 -19 -40 -11 -2 9 31 17 32 18 32 11z m-760
-125 l0 -119 108 -3 107 -3 3 -62 3 -63 -55 0 c-38 0 -66 -7 -90 -21 -20 -12
-36 -18 -36 -15 0 3 12 12 28 20 l27 15 -47 1 c-45 0 -48 -2 -48 -26 0 -21 4
-25 18 -19 14 5 15 4 5 -6 -10 -10 -13 -73 -13 -246 0 -309 9 -331 131 -320
l57 5 7 -60 c4 -32 5 -61 3 -64 -3 -2 -31 -9 -63 -15 -119 -22 -214 13 -253
93 -31 63 -42 174 -42 441 l0 217 -60 0 -60 0 0 65 0 65 60 0 59 0 3 102 3
103 60 17 c33 9 66 17 73 17 9 1 12 -29 12 -119z m690 85 c0 -2 -13 -11 -30
-20 -38 -19 -40 -11 -2 9 31 17 32 18 32 11z m-70 -40 c0 -2 -13 -11 -30 -20
-38 -19 -40 -11 -2 9 31 17 32 18 32 11z m-75 -44 c-16 -14 -105 -63 -105 -58
0 5 101 66 110 67 2 0 0 -4 -5 -9z m-115 -66 c0 -2 -13 -11 -30 -20 -38 -19
-40 -11 -2 9 31 17 32 18 32 11z m-1957 -69 c129 -63 203 -217 195 -406 l-3
-75 -272 -3 c-209 -2 -273 -5 -273 -15 0 -67 59 -149 130 -181 57 -25 200 -26
285 -1 32 9 58 15 60 13 2 -2 10 -36 18 -76 l15 -73 -27 -10 c-113 -43 -307
-52 -412 -19 -157 49 -251 179 -266 370 -15 188 61 369 188 451 70 45 129 59
225 56 64 -3 93 -9 137 -31z m1887 29 c0 -2 -13 -11 -30 -20 -38 -19 -40 -11
-2 9 31 17 32 18 32 11z m484 -33 c148 -69 226 -212 226 -412 0 -242 -120
-408 -325 -450 -175 -36 -342 45 -420 203 -111 227 -41 531 150 642 107 63
256 70 369 17z m797 24 c108 -25 187 -91 244 -203 34 -69 47 -134 47 -238 -1
-156 -48 -273 -145 -361 -110 -99 -293 -121 -431 -52 -169 85 -255 318 -201
547 55 231 260 361 486 307z m-2065 -23 c-5 -13 -271 -750 -298 -825 l-10 -28
-101 0 -102 0 -89 253 c-48 138 -117 334 -152 435 l-63 182 112 0 113 0 82
-272 c45 -150 87 -298 94 -328 l12 -55 13 50 c26 95 133 470 153 537 l21 67
57 3 c31 2 81 1 110 0 42 -3 52 -7 48 -19z m3200 12 c78 -24 79 -25 64 -82
-18 -66 -15 -64 -63 -43 -135 59 -257 15 -257 -92 0 -35 6 -47 38 -77 21 -20
65 -47 97 -60 90 -37 161 -85 192 -132 23 -34 28 -56 32 -116 4 -96 -15 -149
-74 -201 -57 -50 -126 -72 -225 -72 -78 0 -202 29 -216 51 -7 11 14 98 26 112
5 5 19 2 32 -7 38 -25 147 -49 191 -42 86 14 127 58 127 135 0 47 -39 99 -93
124 -17 8 -59 27 -91 42 -143 67 -202 176 -166 306 18 66 93 136 170 160 43
13 164 10 216 -6z m-2486 -20 c0 -2 -13 -11 -30 -20 -38 -19 -40 -11 -2 9 31
17 32 18 32 11z m1375 -3104 c0 -35 -5 -56 -12 -58 -9 -3 -13 9 -13 41 0 46
-12 61 -24 30 -3 -9 -6 -33 -6 -54 0 -21 -6 -43 -15 -50 -13 -11 -15 -6 -15
34 0 25 -4 46 -10 46 -16 0 -30 -37 -30 -79 0 -23 -4 -41 -10 -41 -5 0 -10 17
-10 38 0 20 -3 47 -6 59 -5 17 -1 25 12 29 11 4 27 14 37 22 9 8 20 12 24 9 3
-4 13 2 21 14 8 12 23 19 35 17 19 -3 22 -9 22 -57z m-171 -57 c17 -44 -7
-103 -50 -123 -39 -18 -59 4 -50 54 12 63 83 112 100 69z m-104 -42 c0 -5 -13
-18 -30 -30 -22 -16 -30 -31 -30 -52 0 -31 17 -39 38 -18 6 6 15 8 19 4 12
-12 -38 -47 -61 -44 -16 2 -22 11 -24 41 -3 32 2 43 31 72 33 33 57 44 57 27z
m-156 -88 c11 -4 16 -19 16 -46 0 -30 -7 -46 -29 -69 -35 -35 -59 -37 -70 -7
-12 32 4 79 34 106 29 25 28 24 49 16z m-104 -24 c0 -11 -7 -20 -15 -20 -27 0
-18 30 13 39 1 1 2 -8 2 -19z m-50 -89 l0 -89 -35 -22 c-47 -29 -65 -21 -65
28 0 42 30 92 56 92 9 0 14 10 14 28 0 23 15 52 27 52 2 0 3 -40 3 -89z m48
-3 c-2 -38 -8 -63 -15 -66 -10 -3 -13 13 -13 56 0 32 3 62 7 65 17 18 24 2 21
-55z m162 48 c0 -16 -18 -31 -27 -22 -8 8 5 36 17 36 5 0 10 -6 10 -14z m-330
-145 c0 -57 -1 -60 -36 -80 -19 -12 -40 -19 -45 -16 -12 8 -12 112 0 120 6 3
11 -14 13 -37 2 -30 7 -43 18 -43 11 0 16 13 18 45 3 54 8 70 22 70 6 0 10
-25 10 -59z m-114 -1 c19 0 18 -16 -1 -24 -18 -7 -21 -72 -2 -79 9 -3 7 -9 -5
-23 -25 -26 -37 -9 -40 58 -1 37 3 62 12 73 9 11 16 13 18 6 2 -6 10 -11 18
-11z m-66 -50 c0 -5 -9 -14 -20 -20 -11 -6 -20 -15 -20 -20 0 -6 9 -10 20 -10
39 0 23 -63 -21 -86 -25 -13 -29 -13 -29 0 0 8 9 18 20 21 11 3 20 13 20 21 0
8 -9 14 -20 14 -28 0 -26 35 5 65 25 26 45 32 45 15z m-94 -72 c-9 -12 -16
-42 -16 -65 0 -32 -4 -43 -15 -43 -12 0 -15 13 -15 58 0 52 3 58 28 73 32 18
40 8 18 -23z m-104 -97 c-18 -66 -39 -89 -49 -52 -7 29 -19 18 -27 -24 -10
-49 -30 -44 -47 13 l-15 47 -18 -70 c-21 -82 -36 -98 -52 -53 l-11 32 -11 -47
c-16 -62 -37 -61 -52 4 -7 27 -10 53 -7 56 9 8 27 -7 27 -23 0 -28 17 -13 26
23 12 47 28 52 41 11 l10 -33 7 43 c5 29 16 48 32 59 27 17 39 11 46 -22 3
-14 8 -8 17 22 15 55 28 61 44 21 l14 -33 7 45 c4 24 12 48 19 52 18 11 18 -2
-1 -71z m48 -15 c0 -16 -18 -31 -27 -22 -8 8 5 36 17 36 5 0 10 -6 10 -14z
m-350 -108 c0 -25 -29 -121 -39 -131 -6 -6 -15 2 -24 24 l-14 34 -7 -42 c-4
-23 -14 -47 -21 -53 -10 -9 -17 0 -30 39 -16 49 -14 71 6 71 5 0 9 -9 9 -19 0
-36 18 -31 25 7 9 51 27 59 41 20 l11 -32 11 47 c11 42 32 66 32 35z"/>
<path d="M1040 4349 c-66 -27 -114 -101 -131 -207 -20 -122 10 -232 81 -296
92 -83 239 -42 286 79 12 33 15 71 12 171 -4 154 -17 191 -87 235 -48 31 -111
38 -161 18z"/>
<path d="M2004 4362 c-46 -22 -77 -61 -99 -123 -26 -73 -34 -69 160 -69 l175
0 0 38 c-1 51 -31 114 -68 141 -44 31 -117 37 -168 13z"/>
<path d="M4354 4382 c-52 -25 -104 -87 -129 -154 -15 -40 -20 -78 -20 -158 0
-92 3 -112 26 -160 51 -109 118 -159 212 -160 86 0 164 59 210 159 18 38 21
66 22 167 0 119 -1 122 -35 190 -47 91 -96 127 -183 131 -45 3 -73 -1 -103
-15z"/>
<path d="M5225 4386 c-46 -20 -95 -74 -124 -136 -23 -50 -26 -67 -26 -175 0
-101 3 -127 21 -166 94 -204 315 -215 413 -20 87 172 25 437 -116 497 -41 18
-128 17 -168 0z"/>
<path d="M5206 1288 c-29 -41 -14 -84 18 -52 17 17 22 74 7 74 -6 0 -17 -10
-25 -22z"/>
<path d="M4962 1157 c-17 -20 -25 -64 -12 -72 19 -11 40 16 40 51 0 35 -10 43
-28 21z"/>
<path d="M4792 1058 c-13 -13 -17 -78 -4 -78 18 0 32 26 32 57 0 35 -8 41 -28
21z"/>
</g>
</svg>
