sale normalSale store ad discount discountSEK week
12 5.2 158 1 29.86 8.3 4
59 23.5 159 1 26.42 7 4
35 9.25 160 1 26.42 7 4
48 6.2 161 0 NA NA 2
16 7.6 164 1 26.42 7 4
5 2.2 165 1 29.86 8.3 4
11 10.8 166 1 26.42 7 4
39 4 167 0 NA NA 2
46 8.8 169 0 NA NA 2
20 6.5 171 1 26.42 7 4
19 4 172 1 26.42 7 4
16 8.2 173 1 29.86 8.3 4
123 11.8 176 0 NA NA 2
12 4 179 1 29.86 8.3 4
58 20.25 180 1 21.69 5.4 4
26 5.5 181 1 26.42 7 4
13 2 182 1 26.42 7 4
11 6.6 184 1 29.86 8.3 4
16 6.2 186 1 29.86 8.3 4
11 5.2 188 1 26.42 7 4
17 4 189 1 29.86 8.3 4
13 4.6 193 1 29.86 8.3 4
22 5.2 197 1 29.86 8.3 4
25 8 198 0 NA NA 2
9 4.6 199 1 29.86 8.3 4
7 4.8 201 1 26.42 7 4
55 8.2 203 0 NA NA 2
5 3 204 1 29.86 8.3 4
7 3.25 205 1 26.42 7 4
11 1.6 207 1 29.86 8.3 4
24 7.6 209 1 26.42 7 4
12 10 210 1 26.42 7 4
4 1.2 211 1 29.86 8.3 4
45 4.6 212 0 NA NA 2
27 18.2 213 1 26.42 7 4
58 20 214 1 29.86 8.3 4
29 9.2 216 1 29.86 8.3 4
191 22.2 217 0 NA NA 2
14 13.25 219 1 29.86 8.3 4
20 12.4 221 1 26.42 7 4
10 1.8 224 1 29.86 8.3 4
15 3.6 226 1 26.42 7 4
22 11 1 1 29.86 8.3 4
15 7.4 2 1 29.86 8.3 4
18 10 3 1 29.86 8.3 4
24 7.33 4 1 29.86 8.3 4
16 9.25 5 1 29.86 8.3 4
28 11.4 6 1 29.86 8.3 4
21 5.25 7 1 29.86 8.3 4
30 8.6 8 1 18.41 4.4 4
133 21 9 1 18.41 4.4 4
243 37.6 10 0 NA NA 2
20 14.8 11 1 18.41 4.4 4
62 9.8 12 1 29.86 8.3 4
3 3.75 13 0 NA NA 4
10 9.25 14 1 29.86 8.3 4
33 9.25 15 1 29.86 8.3 4
15 6.6 16 1 29.86 8.3 4
180 24.25 17 0 NA NA 2
84 12.8 18 0 NA NA 2
37 17 19 1 29.86 8.3 4
22 11.6 20 1 29.86 8.3 4
44 14.6 21 0 NA NA 2
50 18.5 227 1 26.42 7 4
8 6.4 228 1 26.42 7 4
17 2.6 229 1 29.86 8.3 4
28 5.25 230 1 26.42 7 4
11 1 231 1 29.86 8.3 4
6 4.6 232 1 29.86 8.3 4
31 11.5 22 0 NA NA 2
18 11 24 1 29.86 8.3 4
33 11.33 29 1 29.86 8.3 4
13 5.75 30 1 29.86 8.3 4
18 4.75 31 1 29.86 8.3 4
21 6 32 1 29.86 8.3 4
13 11 33 1 29.86 8.3 4
13 6 36 1 29.86 8.3 4
72 19.4 38 1 29.86 8.3 4
45 15.8 41 1 29.86 8.3 4
56 10.6 42 1 29.86 8.3 4
10 3.6 44 1 29.86 8.3 4
35 11.8 47 1 29.86 8.3 4
19 6 48 1 29.86 8.3 4
6 6.4 49 1 29.86 8.3 4
26 9.2 50 1 29.86 8.3 4
23 8.6 51 1 29.86 8.3 4
23 8.8 54 1 29.86 8.3 4
33 15.8 55 1 29.86 8.3 4
17 8 56 1 29.86 8.3 4
23 9.2 58 1 29.86 8.3 4
9 5.2 59 1 29.86 8.3 4
15 6 60 1 29.86 8.3 4
12 11.8 62 1 29.86 8.3 4
27 11.2 63 1 21.69 5.4 4
24 11.5 72 1 29.86 8.3 4
24 4 74 1 29.86 8.3 4
24 10.8 75 1 29.86 8.3 4
17 4 78 1 29.86 8.3 4
21 8.2 80 1 29.86 8.3 4
20 9.8 81 1 29.86 8.3 4
9 6.6 82 1 29.86 8.3 4
1 0.4 83 1 29.86 8.3 4
25 15.4 84 1 29.86 8.3 4
37 11.6 85 1 29.86 8.3 4
19 11.25 86 1 29.86 8.3 4
6 6.67 92 1 29.86 8.3 4
17 9.8 94 1 29.86 8.3 4
7 4.5 96 1 29.86 8.3 4
39 13 236 1 26.42 7 4
39 7 237 1 26.42 7 4
21 3.25 238 1 26.42 7 4
111 23.2 239 0 NA NA 2
52 12.5 240 1 26.42 7 4
41 7.25 242 1 26.42 7 4
12 6.4 243 1 29.86 8.3 4
22 3.4 245 1 29.86 8.3 4
13 2.6 246 1 29.86 8.3 4
10 5.4 247 1 21.69 5.4 4
36 10.6 250 0 NA NA 2
18 11.25 252 1 26.42 7 4
35 4 253 0 NA NA 2
21 6.8 254 1 26.42 7 4
78 14.6 256 0 NA NA 2
24 6.2 257 0 NA NA 2
23 13.4 258 1 21.69 5.4 4
131 12 259 0 NA NA 2
7 2.4 260 1 29.86 8.3 4
13 4.75 261 1 26.42 7 4
24 8.25 262 1 26.42 7 4
33 12 263 1 26.42 7 4
19 7.33 264 1 26.42 7 4
13 4 265 1 29.86 8.3 4
28 6.8 266 1 29.86 8.3 4
15 7.4 270 1 26.42 7 4
25 3.6 276 1 29.86 8.3 4
76 12.8 277 0 NA NA 2
9 10.8 278 1 26.42 7 4
15 1.6 279 1 29.86 8.3 4
16 3.4 280 1 29.86 8.3 4
32 6 287 1 29.86 8.3 4
11 2.8 289 1 26.42 7 4
41 10.75 290 1 26.42 7 4
38 9 291 1 26.42 7 4
35 13.5 292 1 26.42 7 4
39 13 293 1 26.42 7 4
59 12 294 1 26.42 7 4
28 13 295 1 26.42 7 4
31 9 296 1 26.42 7 4
8 4 297 1 29.86 8.3 4
45 15 298 1 26.42 7 4
16 5.2 299 1 18.41 4.4 4
6 4 300 1 29.86 8.3 4
16 5.2 301 1 29.86 8.3 4
30 12.6 303 1 26.42 7 4
20 7.25 313 1 26.42 7 4
67 14.2 316 1 26.42 7 4
20 9.75 317 1 29.86 8.3 4
33 10.2 99 1 29.86 8.3 4
57 26.25 100 0 NA NA 2
57 11.8 101 0 NA NA 2
18 12 102 1 29.86 8.3 4
30 4 106 1 29.86 8.3 4
7 3.2 107 1 26.42 7 4
72 17 108 0 NA NA 2
88 18 109 0 NA NA 2
27 8.8 110 1 29.86 8.3 4
23 4.2 111 1 29.86 8.3 4
37 13 112 1 26.42 7 4
49 9.6 113 1 26.42 7 4
41 7 114 1 26.42 7 4
29 9.6 115 1 26.42 7 4
21 5 116 1 29.86 8.3 4
28 8 120 1 29.86 8.3 4
21 2.8 121 1 29.86 8.3 4
29 8.8 122 1 26.42 7 4
14 5.4 126 1 26.42 7 4
8 5.8 127 1 29.86 8.3 4
25 8.75 128 1 18.41 4.4 4
6 2 129 1 29.86 8.3 4
18 8.2 130 1 29.86 8.3 4
5 4.4 131 1 29.86 8.3 4
54 10.6 132 1 29.86 8.3 4
12 6.8 133 1 26.42 7 4
27 10.6 134 1 29.86 8.3 4
16 10.2 136 1 29.86 8.3 4
23 4.75 138 1 29.86 8.3 4
71 13.4 142 0 NA NA 2
11 5.75 143 1 29.86 8.3 4
9 3.8 154 1 21.69 5.4 4
9 1.4 157 1 21.69 5.4 4
175 18.5 312 1 34.38 8.56 5
150 50.2 315 1 21.82 4.56 5
81 26.6 319 1 25.39 5.56 5
156 73.6 320 1 25.39 5.56 5
411 51.2 322 1 21.82 4.56 5
115 49 323 1 21.82 4.56 5
322 63 324 1 21.82 4.56 5
101 36.5 325 1 27.38 6.16 5
88 26 326 1 27.38 6.16 5
225 44.4 327 1 27.38 6.16 5
22 6.6 328 1 21.82 4.56 5
69 22.8 329 1 27.38 6.16 5
215 58.4 330 1 21.82 4.56 5
177 44.2 331 1 21.82 4.56 5
303 56.6 332 1 21.82 4.56 5
176 31.2 333 1 21.82 4.56 5
571 62.8 334 1 27.38 6.16 5
182 67 335 1 21.82 4.56 5
91 38 336 1 21.82 4.56 5
294 69 337 1 21.82 4.56 5
82 30.6 338 1 21.82 4.56 5
247 54 339 1 27.38 6.16 5
73 19 340 1 27.38 6.16 5
59 29.8 341 1 27.38 6.16 5
69 20.8 342 1 27.38 6.16 5
217 34.4 343 1 27.38 6.16 5
180 14.6 344 1 27.38 6.16 5
66 23.6 345 1 27.38 6.16 5
183 45 346 1 27.38 6.16 5
110 37.8 347 1 21.82 4.56 5
166 73 348 1 22.19 4.66 5
114 25 349 1 27.38 6.16 5
152 43.4 350 1 27.38 6.16 5
133 26.8 351 1 21.82 4.56 5
258 42.2 352 1 27.38 6.16 5
58 37.8 353 1 21.82 4.56 5
58 30.6 354 1 27.38 6.16 5
238 34.4 355 1 27.38 6.16 5
32 16.8 356 1 27.38 6.16 5
133 19.6 357 1 27.38 6.16 5
283 43.2 358 1 21.82 4.56 5
260 98.2 359 1 21.82 4.56 5
355 79.2 360 1 21.82 4.56 5
75 23.2 361 1 21.82 4.56 5
21 4.5 158 0 46.04 12.8 7
9 6.5 158 0 46.04 12.8 8
16 4.5 158 1 37.05 10.3 9
79 25.5 159 0 43.4 11.5 7
74 22 159 0 43.4 11.5 8
66 25.5 159 1 33.96 9 9
42 8.25 160 0 43.4 11.5 7
18 9 160 0 43.4 11.5 8
30 8.25 160 1 33.96 9 9
53 7 161 0 24.62 4.9 7
28 7 162 0 24.62 4.9 7
16 5 162 0 24.62 4.9 8
6 3 163 0 46.04 12.8 7
10 1.67 163 0 46.04 12.8 8
25 10 164 0 43.4 11.5 7
16 10.5 164 0 43.4 11.5 8
28 10 164 1 33.96 9 9
11 1.25 165 0 46.04 12.8 7
3 1.5 165 0 46.04 12.8 8
24 8.5 166 0 43.4 11.5 7
3 8 166 0 43.4 11.5 8
13 8.5 166 1 33.96 9 9
31 5.4 167 0 24.62 4.9 7
5 7 167 0 24.62 4.9 8
23 5 168 0 24.62 4.9 7
7 4 168 0 24.62 4.9 8
34 6.8 169 0 24.62 4.9 7
21 5.33 169 0 24.62 4.9 8
19 7.67 171 0 43.4 11.5 7
4 7 171 0 43.4 11.5 8
18 7.67 171 1 33.96 9 9
25 4.25 172 0 43.4 11.5 7
19 3.5 172 0 43.4 11.5 8
14 4.25 172 1 33.96 9 9
26 7.5 173 0 46.04 12.8 7
14 9 173 0 46.04 12.8 8
14 7.5 173 1 37.05 10.3 9
25 3.2 174 0 46.04 12.8 7
12 3.33 174 0 46.04 12.8 8
216 9.6 176 0 24.62 4.9 7
31 6 176 0 24.62 4.9 8
29 5.2 177 0 46.04 12.8 7
22 6 177 0 46.04 12.8 8
18 3.5 179 0 46.04 12.8 7
1 3.5 179 0 46.04 12.8 8
11 3.5 179 1 37.05 10.3 9
65 14.67 180 0 29.72 7.4 7
15 11 180 0 29.72 7.4 8
32 14.67 180 1 21.69 5.4 9
36 3.5 181 0 43.4 11.5 7
6 3.5 181 0 43.4 11.5 8
13 3.5 181 1 33.96 9 9
16 3.75 182 0 43.4 11.5 7
20 5 182 0 43.4 11.5 8
16 3.75 182 1 33.96 9 9
6 1.2 183 0 46.04 12.8 7
7 1.33 183 0 46.04 12.8 8
11 4.75 184 0 46.04 12.8 7
6 4.75 184 1 37.05 10.3 9
10 4.2 185 0 46.04 12.8 7
9 4.33 185 0 46.04 12.8 8
8 4.5 186 0 46.04 12.8 7
13 3 186 0 46.04 12.8 8
11 4.5 186 1 37.05 10.3 9
14 3 187 0 46.04 12.8 7
23 5.25 188 0 43.4 11.5 7
12 5.25 188 1 33.96 9 9
41 3.5 189 0 46.04 12.8 7
21 2 189 0 46.04 12.8 8
12 3.5 189 1 37.05 10.3 9
13 3.8 191 0 46.04 12.8 7
13 3 191 0 46.04 12.8 8
9 5.2 192 0 46.04 12.8 7
8 5.67 192 0 46.04 12.8 8
20 4.25 193 0 46.04 12.8 7
3 2.5 193 0 46.04 12.8 8
18 4.25 193 1 37.05 10.3 9
20 2.2 194 0 46.04 12.8 7
5 2 194 0 46.04 12.8 8
14 2.4 195 0 46.04 12.8 7
7 2.67 195 0 46.04 12.8 8
4 2.4 196 0 46.04 12.8 7
19 3.8 197 0 46.04 12.8 7
10 3.67 197 0 46.04 12.8 8
26 10.25 198 0 24.62 4.9 7
32 10.5 198 0 24.62 4.9 8
25 3.25 199 0 46.04 12.8 7
13 5 199 0 46.04 12.8 8
17 3.25 199 1 37.05 10.3 9
19 3.6 200 0 46.04 12.8 7
10 2 200 0 46.04 12.8 8
25 4.5 201 0 43.4 11.5 7
17 3 201 0 43.4 11.5 8
7 4.5 201 1 33.96 9 9
1 2 202 0 46.04 12.8 7
10 2 202 1 37.05 10.3 9
53 9.2 203 0 24.62 4.9 7
40 12.67 203 0 24.62 4.9 8
13 4.25 204 0 46.04 12.8 7
6 5 204 0 46.04 12.8 8
8 4.25 204 1 37.05 10.3 9
47 22.25 206 0 24.62 4.9 7
40 23.5 206 0 24.62 4.9 8
43 22.25 206 1 12.06 2.4 9
20 2.5 207 0 46.04 12.8 7
12 3 207 0 46.04 12.8 8
11 2.5 207 1 37.05 10.3 9
5 2 208 0 46.04 12.8 7
22 8.5 209 0 33.96 9 7
14 8 209 0 33.96 9 8
12 8.5 209 1 26.42 7 9
20 8.5 210 0 43.4 11.5 7
15 7.5 210 0 43.4 11.5 8
16 8.5 210 1 33.96 9 9
2 2 211 0 46.04 12.8 7
6 2.5 211 0 46.04 12.8 8
1 2 211 1 37.05 10.3 9
43 1.6 212 0 24.62 4.9 7
16 2.33 212 0 24.62 4.9 8
67 14 213 0 43.4 11.5 7
33 16 213 0 43.4 11.5 8
36 14 213 1 33.96 9 9
61 19.25 214 0 46.04 12.8 7
41 20.5 214 0 46.04 12.8 8
39 19.25 214 1 37.05 10.3 9
15 5.6 215 0 46.04 12.8 7
35 7.75 216 0 46.04 12.8 7
14 9.5 216 0 46.04 12.8 8
22 7.75 216 1 37.05 10.3 9
203 21 217 0 24.62 4.9 7
39 20 217 0 24.62 4.9 8
18 4.4 218 0 46.04 12.8 7
6 5.33 218 0 46.04 12.8 8
34 12.25 219 0 46.04 12.8 7
19 11.5 219 0 46.04 12.8 8
19 12.25 219 1 37.05 10.3 9
26 4.4 220 0 46.04 12.8 7
35 3.67 220 0 46.04 12.8 8
26 12.25 221 0 43.4 11.5 7
17 10.5 221 0 43.4 11.5 8
20 12.25 221 1 33.96 9 9
16 3.6 222 0 46.04 12.8 7
4 3.67 222 0 46.04 12.8 8
15 4.2 223 0 46.04 12.8 7
14 3.67 223 0 46.04 12.8 8
29 2.5 224 0 46.04 12.8 7
13 3.5 224 0 46.04 12.8 8
6 2.5 224 1 37.05 10.3 9
16 7 225 0 46.04 12.8 7
12 8 225 0 46.04 12.8 8
15 4.5 226 0 43.4 11.5 7
11 5 226 0 43.4 11.5 8
8 4.5 226 1 33.96 9 9
41 14 1 0 46.04 12.8 7
11 13.5 1 0 46.04 12.8 8
28 14 1 1 37.05 10.3 9
30 7.5 2 0 46.04 12.8 7
15 7 2 0 46.04 12.8 8
14 7.5 2 1 37.05 10.3 9
22 10 3 0 46.04 12.8 7
26 9.5 3 0 46.04 12.8 8
85 10 3 1 37.05 10.3 9
20 5.5 4 0 46.04 12.8 7
15 4 4 0 46.04 12.8 8
27 5.5 4 1 37.05 10.3 9
77 8.25 5 0 46.04 12.8 7
36 4.5 5 0 46.04 12.8 8
23 8.25 5 1 37.05 10.3 9
102 17 6 0 46.04 12.8 7
43 20.5 6 0 46.04 12.8 8
46 17 6 1 37.05 10.3 9
28 5.5 7 0 46.04 12.8 7
5 6.5 7 0 46.04 12.8 8
8 5.5 7 1 37.05 10.3 9
130 8 8 0 37.24 8.9 7
10 4.5 8 0 37.24 8.9 8
54 8 8 1 26.78 6.4 9
177 21 9 0 37.24 8.9 7
39 21 9 0 37.24 8.9 8
55 21 9 1 26.78 6.4 9
139 35.8 10 0 24.62 4.9 7
69 30.67 10 0 24.62 4.9 8
45 10.25 11 0 37.24 8.9 7
19 11.5 11 0 37.24 8.9 8
26 10.25 11 1 26.78 6.4 9
76 7.25 12 0 46.04 12.8 7
11 10 12 0 46.04 12.8 8
41 7.25 12 1 37.05 10.3 9
14 2.25 13 0 46.04 12.8 7
7 2.5 13 0 46.04 12.8 8
15 2.25 13 1 37.05 10.3 9
33 7.5 14 0 46.04 12.8 7
19 9.5 14 0 46.04 12.8 8
24 7.5 14 1 37.05 10.3 9
38 8.5 15 0 46.04 12.8 7
20 7 15 0 46.04 12.8 8
13 8.5 15 1 37.05 10.3 9
14 5 16 0 46.04 12.8 7
11 4 16 0 46.04 12.8 8
13 5 16 1 37.05 10.3 9
71 29 17 0 24.62 4.9 7
26 27.5 17 0 24.62 4.9 8
106 7.25 18 0 24.62 4.9 7
34 9 18 0 24.62 4.9 8
78 16 19 0 46.04 12.8 7
27 14.5 19 0 46.04 12.8 8
48 16 19 1 37.05 10.3 9
29 11.25 20 0 46.04 12.8 7
24 9 20 0 46.04 12.8 8
28 11.25 20 1 37.05 10.3 9
73 17.2 21 0 24.62 4.9 7
28 17.67 21 0 24.62 4.9 8
98 19.25 227 0 43.4 11.5 7
31 19 227 0 43.4 11.5 8
32 19.25 227 1 33.96 9 9
47 5.75 228 0 43.4 11.5 7
20 7 228 0 43.4 11.5 8
15 5.75 228 1 33.96 9 9
35 3 229 0 46.04 12.8 7
10 5 229 0 46.04 12.8 8
26 3 229 1 37.05 10.3 9
72 5.75 230 0 43.4 11.5 7
19 6 230 0 43.4 11.5 8
27 5.75 230 1 33.96 9 9
19 1.5 231 0 46.04 12.8 7
5 2.5 231 0 46.04 12.8 8
4 1.5 231 1 37.05 10.3 9
11 4.75 232 0 46.04 12.8 7
1 3.5 232 0 46.04 12.8 8
9 4.75 232 1 37.05 10.3 9
22 3 233 0 46.04 12.8 7
7 1.67 233 0 46.04 12.8 8
22 2.2 234 0 46.04 12.8 7
10 2.67 234 0 46.04 12.8 8
1 1.4 235 0 46.04 12.8 7
2 1 235 0 46.04 12.8 8
54 8.8 22 0 28.57 6 7
28 9.33 22 0 28.57 6 8
4 6.2 23 0 46.04 12.8 7
6 6.67 23 0 46.04 12.8 8
24 11.25 24 0 46.04 12.8 7
21 12.5 24 0 46.04 12.8 8
18 11.25 24 1 37.05 10.3 9
26 8.2 25 0 46.04 12.8 7
15 7.67 25 0 46.04 12.8 8
19 4.6 26 0 46.04 12.8 7
12 4.67 26 0 46.04 12.8 8
41 5.67 27 0 46.04 12.8 7
36 7 27 0 46.04 12.8 8
37 4.4 28 0 46.04 12.8 7
15 4.67 28 0 46.04 12.8 8
60 16.75 29 0 46.04 12.8 7
45 17.5 29 0 46.04 12.8 8
51 16.75 29 1 37.05 10.3 9
11 7.25 30 0 46.04 12.8 7
29 7 30 1 37.05 10.3 9
17 4.75 31 0 46.04 12.8 7
8 4 31 0 46.04 12.8 8
12 4.75 31 1 37.05 10.3 9
24 8 32 0 46.04 12.8 7
19 6 32 0 46.04 12.8 8
17 8 32 1 37.05 10.3 9
61 6.75 33 0 46.04 12.8 7
13 5 33 0 46.04 12.8 8
24 6.75 33 1 37.05 10.3 9
18 4.2 34 0 46.04 12.8 7
7 3.67 34 0 46.04 12.8 8
17 4 35 0 46.04 12.8 7
27 5.25 36 0 46.04 12.8 7
9 4 36 0 46.04 12.8 8
19 5.25 36 1 37.05 10.3 9
53 5.75 37 0 46.04 12.8 7
12 5 37 0 46.04 12.8 8
23 5.75 37 1 37.05 10.3 9
41 15 38 0 46.04 12.8 7
15 14 38 0 46.04 12.8 8
30 15 38 1 37.05 10.3 9
16 3.4 39 0 46.04 12.8 7
12 4.67 39 0 46.04 12.8 8
36 6.6 40 0 46.04 12.8 7
16 7.67 40 0 46.04 12.8 8
54 16.75 41 0 46.04 12.8 7
45 15.5 41 0 46.04 12.8 8
38 16.75 41 1 37.05 10.3 9
73 8.5 42 0 46.04 12.8 7
43 6 42 0 46.04 12.8 8
37 8.5 42 1 37.05 10.3 9
27 8.6 43 0 46.04 12.8 7
9 5.25 44 0 46.04 12.8 7
12 4 44 0 46.04 12.8 8
11 5.25 44 1 37.05 10.3 9
25 4.4 45 0 46.04 12.8 7
5 5.33 45 0 46.04 12.8 8
10 3.4 46 0 46.04 12.8 7
2 3 46 0 46.04 12.8 8
35 10.75 47 0 46.04 12.8 7
25 8.5 47 0 46.04 12.8 8
16 10.75 47 1 37.05 10.3 9
52 6.75 48 0 46.04 12.8 7
6 5.5 48 0 46.04 12.8 8
35 6.75 48 1 37.05 10.3 9
21 7.25 49 0 46.04 12.8 7
7 7.5 49 0 46.04 12.8 8
7 7.25 49 1 37.05 10.3 9
36 7.5 50 0 46.04 12.8 7
18 5 50 0 46.04 12.8 8
28 7.5 50 1 37.05 10.3 9
36 10 51 0 46.04 12.8 7
17 11.5 51 0 46.04 12.8 8
20 10 51 1 37.05 10.3 9
32 10 52 0 46.04 12.8 7
14 10.67 52 0 46.04 12.8 8
8 2 53 0 46.04 12.8 7
4 2.67 53 0 46.04 12.8 8
54 12.5 54 0 46.04 12.8 7
18 10 54 0 46.04 12.8 8
26 12.5 54 1 37.05 10.3 9
33 11.25 55 0 46.04 12.8 7
22 10.5 55 0 46.04 12.8 8
17 11.25 55 1 37.05 10.3 9
12 8.25 56 0 46.04 12.8 7
11 6 56 0 46.04 12.8 8
22 8.25 56 1 37.05 10.3 9
10 3.8 57 0 46.04 12.8 7
65 11.5 58 0 46.04 12.8 7
10 9.5 58 0 46.04 12.8 8
33 11.5 58 1 37.05 10.3 9
13 2 59 0 46.04 12.8 7
10 2.5 59 0 46.04 12.8 8
12 2 59 1 37.05 10.3 9
20 4.25 60 0 46.04 12.8 7
12 3.5 60 0 46.04 12.8 8
8 4.25 60 1 37.05 10.3 9
2 2.8 61 0 46.04 12.8 7
4 2.67 61 0 46.04 12.8 8
29 11 62 0 46.04 12.8 7
24 9.5 62 0 46.04 12.8 8
22 11 62 1 37.05 10.3 9
41 7.5 63 0 39.76 9.9 7
10 4.5 63 0 39.76 9.9 8
26 7.5 63 1 29.72 7.4 9
200 52 64 0 24.62 4.9 7
16 4.4 65 0 46.04 12.8 7
10 5.33 65 0 46.04 12.8 8
19 5.8 66 0 46.04 12.8 7
12 4.67 66 0 46.04 12.8 8
12 3.4 67 0 46.04 12.8 7
13 4 67 0 46.04 12.8 8
13 3.4 68 0 46.04 12.8 7
11 4.33 68 0 46.04 12.8 8
10 6 69 0 46.04 12.8 7
11 6.67 69 0 46.04 12.8 8
8 5.4 70 0 46.04 12.8 7
3 6.67 70 0 46.04 12.8 8
27 6.2 71 0 46.04 12.8 7
15 5.33 71 0 46.04 12.8 8
27 12.5 72 0 46.04 12.8 7
16 8 72 0 46.04 12.8 8
21 12.5 72 1 37.05 10.3 9
8 1.4 73 0 46.04 12.8 7
15 1.33 73 0 46.04 12.8 8
23 1.25 74 0 46.04 12.8 7
5 2 74 0 46.04 12.8 8
15 1.25 74 1 37.05 10.3 9
31 12.75 75 0 46.04 12.8 7
14 11 75 0 46.04 12.8 8
31 12.75 75 1 37.05 10.3 9
10 4.6 76 0 46.04 12.8 7
10 4.67 76 0 46.04 12.8 8
9 7.8 77 0 46.04 12.8 7
9 7.75 78 0 46.04 12.8 7
11 6.5 78 0 46.04 12.8 8
5 7.75 78 1 37.05 10.3 9
4 0.67 79 0 46.04 12.8 8
38 10.25 80 0 46.04 12.8 7
9 12.5 80 0 46.04 12.8 8
20 10.25 80 1 37.05 10.3 9
52 7.75 81 0 46.04 12.8 7
21 7.5 81 0 46.04 12.8 8
13 7.75 81 1 37.05 10.3 9
26 6.5 82 0 46.04 12.8 7
27 7 82 0 46.04 12.8 8
3 6.5 82 1 37.05 10.3 9
39 13 84 0 46.04 12.8 7
23 11.5 84 0 46.04 12.8 8
16 13 84 1 37.05 10.3 9
57 16.25 85 0 46.04 12.8 7
38 16.5 85 0 46.04 12.8 8
30 16.25 85 1 37.05 10.3 9
34 11 86 0 46.04 12.8 7
12 8 86 0 46.04 12.8 8
37 11 86 1 37.05 10.3 9
17 5.2 87 0 46.04 12.8 7
11 6 87 0 46.04 12.8 8
17 2.6 89 0 46.04 12.8 7
11 2 89 0 46.04 12.8 8
12 6.4 90 0 46.04 12.8 7
9 7.67 90 0 46.04 12.8 8
15 8 91 0 46.04 12.8 7
3 9 91 0 46.04 12.8 8
21 6.4 93 0 46.04 12.8 7
16 8.75 94 0 46.04 12.8 7
10 7 94 0 46.04 12.8 8
13 8.75 94 1 37.05 10.3 9
14 5.2 95 0 46.04 12.8 7
4 4.67 95 0 46.04 12.8 8
11 4.75 96 0 46.04 12.8 7
8 4 96 0 46.04 12.8 8
9 4.75 96 1 37.05 10.3 9
16 5 97 0 46.04 12.8 7
7 5.5 97 0 46.04 12.8 8
7 5 97 1 37.05 10.3 9
16 4.2 98 0 46.04 12.8 7
10 5 98 0 46.04 12.8 8
47 11.5 236 0 43.4 11.5 7
37 12.5 236 0 43.4 11.5 8
92 11.5 236 1 33.96 9 9
66 5.33 237 0 43.4 11.5 7
28 7 237 0 43.4 11.5 8
21 5.33 237 1 33.96 9 9
62 2.5 238 0 43.4 11.5 7
10 4 238 0 43.4 11.5 8
16 2.5 238 1 33.96 9 9
138 27.2 239 0 24.62 4.9 7
22 30 239 0 24.62 4.9 8
82 10.75 240 0 43.4 11.5 7
43 9.5 240 0 43.4 11.5 8
47 10.75 240 1 33.96 9 9
15 5.75 241 0 46.04 12.8 7
2 6 241 0 46.04 12.8 8
7 5.75 241 1 37.05 10.3 9
49 4.5 242 0 43.4 11.5 7
5 4 242 0 43.4 11.5 8
46 4.5 242 1 33.96 9 9
4 4 243 0 46.04 12.8 7
11 4 243 0 46.04 12.8 8
7 4 243 1 37.05 10.3 9
14 0.5 244 0 46.04 12.8 7
33 4.5 245 0 46.04 12.8 7
1 4.5 245 0 46.04 12.8 8
10 4.5 245 1 37.05 10.3 9
12 1 246 0 46.04 12.8 7
6 0.5 246 0 46.04 12.8 8
8 1 246 1 37.05 10.3 9
25 5.25 247 0 39.76 9.9 7
8 6 247 0 39.76 9.9 8
19 5.25 247 1 29.72 7.4 9
17 2.25 248 0 46.04 12.8 7
4 2 248 0 46.04 12.8 8
45 6.6 249 0 46.04 12.8 7
15 6.67 249 0 46.04 12.8 8
43 6.8 250 0 24.62 4.9 7
23 6.67 250 0 24.62 4.9 8
16 2.2 251 0 24.62 4.9 7
8 2.67 251 0 24.62 4.9 8
54 11.5 252 0 43.4 11.5 7
35 8 252 0 43.4 11.5 8
24 11.5 252 1 33.96 9 9
37 5.2 253 0 24.62 4.9 7
20 6.33 253 0 24.62 4.9 8
30 7.75 254 0 43.4 11.5 7
14 6.5 254 0 43.4 11.5 8
12 7.75 254 1 33.96 9 9
42 13.6 255 0 24.62 4.9 7
19 13.67 255 0 24.62 4.9 8
151 21 256 0 24.62 4.9 7
37 24 256 0 24.62 4.9 8
69 10.2 257 0 24.62 4.9 7
29 11.33 257 0 24.62 4.9 8
57 13.75 258 0 39.76 9.9 7
28 10.5 258 0 39.76 9.9 8
42 13.75 258 1 29.72 7.4 9
148 16 259 0 24.62 4.9 7
17 17.67 259 0 24.62 4.9 8
8 2.4 260 0 46.04 12.8 7
27 5.25 261 0 43.4 11.5 7
8 5.5 261 0 43.4 11.5 8
19 5.25 261 1 33.96 9 9
35 6 262 0 43.4 11.5 7
20 8.5 262 0 43.4 11.5 8
22 6 262 1 33.96 9 9
69 8 263 0 43.4 11.5 7
18 8.5 263 0 43.4 11.5 8
46 8 263 1 33.96 9 9
23 5 264 0 43.4 11.5 7
14 6.67 264 0 43.4 11.5 8
25 5 264 1 33.96 9 9
13 3 265 0 46.04 12.8 7
10 2.5 265 0 46.04 12.8 8
5 3 265 1 37.05 10.3 9
34 5 266 0 46.04 12.8 7
14 5.5 266 0 46.04 12.8 8
15 5 266 1 37.05 10.3 9
17 1 267 0 46.04 12.8 7
17 5.4 268 0 46.04 12.8 7
4 5.67 268 0 46.04 12.8 8
12 4.6 269 0 46.04 12.8 7
4 5 269 0 46.04 12.8 8
29 6 270 0 43.4 11.5 7
8 5.5 270 0 43.4 11.5 8
14 6 270 1 33.96 9 9
12 3.6 271 0 46.04 12.8 7
5 4 271 0 46.04 12.8 8
8 1.6 272 0 46.04 12.8 7
3 2 272 0 46.04 12.8 8
34 4.4 273 0 46.04 12.8 7
6 5.67 273 0 46.04 12.8 8
17 1.2 274 0 46.04 12.8 7
8 1 274 0 46.04 12.8 8
9 2.4 275 0 46.04 12.8 7
11 1.33 275 0 46.04 12.8 8
39 3.75 276 0 46.04 12.8 7
8 3.5 276 0 46.04 12.8 8
34 3.75 276 1 37.05 10.3 9
160 20 277 0 28.57 6 7
63 18 277 0 28.57 6 8
30 7.25 278 0 43.4 11.5 7
15 9.5 278 0 43.4 11.5 8
12 7.25 278 1 33.96 9 9
10 0.75 279 0 46.04 12.8 7
3 1 279 0 46.04 12.8 8
18 0.75 279 1 37.05 10.3 9
14 3.5 280 0 46.04 12.8 7
6 3 280 0 46.04 12.8 8
15 3.5 280 1 37.05 10.3 9
7 3.6 281 0 46.04 12.8 7
4 5.33 281 0 46.04 12.8 8
6 1.8 283 0 46.04 12.8 7
6 1.8 284 0 46.04 12.8 7
4 1.33 284 0 46.04 12.8 8
14 2.6 285 0 46.04 12.8 7
6 2.67 285 0 46.04 12.8 8
27 3.5 286 0 46.04 12.8 7
11 3.5 286 0 46.04 12.8 8
36 7 287 0 46.04 12.8 7
23 7 287 0 46.04 12.8 8
30 7 287 1 37.05 10.3 9
24 4.4 288 0 46.04 12.8 7
13 5.67 288 0 46.04 12.8 8
14 3.25 289 0 43.4 11.5 7
10 1 289 0 43.4 11.5 8
4 3.25 289 1 33.96 9 9
46 12.25 290 0 43.4 11.5 7
42 13.5 290 0 43.4 11.5 8
28 12.25 290 1 33.96 9 9
113 8.5 291 0 43.4 11.5 7
37 9.5 291 0 43.4 11.5 8
25 8.5 291 1 33.96 9 9
69 14.75 292 0 43.4 11.5 7
26 16 292 0 43.4 11.5 8
34 14.75 292 1 33.96 9 9
113 10.5 293 0 43.4 11.5 7
34 11 293 0 43.4 11.5 8
79 10.5 293 1 33.96 9 9
15 8.75 294 0 43.4 11.5 7
16 7.5 294 0 43.4 11.5 8
18 8.75 294 1 33.96 9 9
31 14.75 295 0 43.4 11.5 7
21 10 295 0 43.4 11.5 8
34 14.75 295 1 33.96 9 9
130 9.5 296 0 43.4 11.5 7
53 10.5 296 0 43.4 11.5 8
47 9.5 296 1 33.96 9 9
21 5.5 297 0 46.04 12.8 7
17 7.5 297 0 46.04 12.8 8
9 5.5 297 1 37.05 10.3 9
91 13.33 298 0 43.4 11.5 7
84 13.67 298 0 43.4 11.5 8
53 13.33 298 1 33.96 9 9
28 6.25 299 0 37.24 8.9 7
9 6 299 0 37.24 8.9 8
11 6.25 299 1 26.78 6.4 9
22 3 300 0 46.04 12.8 7
5 1.5 300 0 46.04 12.8 8
4 3 300 1 37.05 10.3 9
12 4 301 0 46.04 12.8 7
19 4.5 301 0 46.04 12.8 8
11 4 301 1 37.05 10.3 9
36 4 302 0 46.04 12.8 7
16 5 302 0 46.04 12.8 8
37 16 303 0 43.4 11.5 7
15 13.5 303 0 43.4 11.5 8
61 16 303 1 33.96 9 9
32 4.2 304 0 46.04 12.8 7
26 6.33 304 0 46.04 12.8 8
18 4 305 0 46.04 12.8 7
20 5 305 0 46.04 12.8 8
2 4 306 0 46.04 12.8 7
6 5 306 0 46.04 12.8 8
28 2 307 0 46.04 12.8 7
2 2.33 307 0 46.04 12.8 8
32 2.2 308 0 46.04 12.8 7
37 3.6 309 0 46.04 12.8 7
9 4.67 309 0 46.04 12.8 8
14 2.5 311 0 46.04 12.8 7
8 1 311 0 46.04 12.8 8
9 2.5 311 1 37.05 10.3 9
35 20.75 312 0 39.76 9.9 7
13 17.5 312 0 39.76 9.9 8
30 7 313 0 43.4 11.5 7
20 7.5 313 0 43.4 11.5 8
47 7 313 1 33.96 9 9
43 6.4 314 0 46.04 12.8 7
21 6.67 314 0 46.04 12.8 8
85 49.2 315 0 28.23 5.9 7
72 45.33 315 0 28.23 5.9 8
112 11.5 316 0 43.4 11.5 7
30 11 316 0 43.4 11.5 8
89 11.5 316 1 33.96 9 9
14 11.5 317 0 46.04 12.8 7
31 8.5 317 0 46.04 12.8 8
23 11.5 317 1 37.05 10.3 9
16 5.8 318 0 46.04 12.8 7
9 7 318 0 46.04 12.8 8
79 30.8 319 0 31.51 6.9 7
40 24.67 319 0 31.51 6.9 8
160 60 320 0 31.51 6.9 7
91 68 320 0 31.51 6.9 8
109 29.2 321 0 28.23 5.9 7
72 32.33 321 0 28.23 5.9 8
315 44.6 322 0 28.23 5.9 7
154 45.33 322 0 28.23 5.9 8
203 50.6 323 0 28.23 5.9 7
166 52 323 0 28.23 5.9 8
249 59.4 324 0 28.23 5.9 7
44 68.33 324 0 28.23 5.9 8
148 39 325 0 33.33 7.5 7
72 38 325 0 33.33 7.5 8
86 31 326 0 33.33 7.5 7
76 36.67 326 0 33.33 7.5 8
304 32.8 327 0 33.33 7.5 7
62 36 327 0 33.33 7.5 8
15 1.4 328 0 28.23 5.9 7
8 1 328 0 28.23 5.9 8
73 17.2 329 0 33.33 7.5 7
49 17.67 329 0 33.33 7.5 8
273 50.6 330 0 28.23 5.9 7
47 53.33 330 0 28.23 5.9 8
48 43.2 331 0 28.23 5.9 7
46 46.33 331 0 28.23 5.9 8
524 57.25 332 0 28.23 5.9 7
522 54 332 0 28.23 5.9 8
181 23 333 0 28.23 5.9 7
7 22 333 0 28.23 5.9 8
203 65.8 334 0 33.33 7.5 7
83 57.67 334 0 33.33 7.5 8
185 46.4 335 0 28.23 5.9 7
59 41.67 335 0 28.23 5.9 8
49 24.8 336 0 28.23 5.9 7
358 82 337 0 28.23 5.9 7
201 85.33 337 0 28.23 5.9 8
166 15 338 0 28.23 5.9 7
70 18.67 338 0 28.23 5.9 8
251 48.8 339 0 33.33 7.5 7
90 50.33 339 0 33.33 7.5 8
38 22.4 340 0 33.33 7.5 7
13 27 340 0 33.33 7.5 8
53 35.2 341 0 33.33 7.5 7
20 37.67 341 0 33.33 7.5 8
105 32 342 0 33.33 7.5 7
160 35.67 342 0 33.33 7.5 8
144 39.2 343 0 33.33 7.5 7
138 47.67 343 0 33.33 7.5 8
137 18 344 0 33.33 7.5 7
72 21 344 0 33.33 7.5 8
76 22.2 345 0 33.33 7.5 7
19 29 345 0 33.33 7.5 8
241 53.4 346 0 33.33 7.5 7
100 54.33 346 0 33.33 7.5 8
95 31.4 347 0 28.23 5.9 7
45 27.67 347 0 28.23 5.9 8
194 79.2 348 0 28.57 6 7
140 102 348 0 28.57 6 8
101 30 349 0 33.33 7.5 7
88 32 349 0 33.33 7.5 8
202 39.4 350 0 33.33 7.5 7
29 42.33 350 0 33.33 7.5 8
100 25 351 0 28.23 5.9 7
19 29 351 0 28.23 5.9 8
201 56.6 352 0 33.33 7.5 7
46 62 352 0 33.33 7.5 8
106 41.6 353 0 28.23 5.9 7
35 42.67 353 0 28.23 5.9 8
89 35.4 354 0 33.33 7.5 7
42 39.67 354 0 33.33 7.5 8
204 27.4 355 0 33.33 7.5 7
146 26.67 355 0 33.33 7.5 8
12 19.5 356 0 33.33 7.5 7
17 20.33 356 0 33.33 7.5 8
183 9.6 357 0 33.33 7.5 7
36 3 357 0 33.33 7.5 8
363 34.8 358 0 28.23 5.9 7
30 39 358 0 28.23 5.9 8
286 81.6 359 0 28.23 5.9 7
80 90.67 359 0 28.23 5.9 8
84 60.2 360 0 28.23 5.9 7
29 71 360 0 28.23 5.9 8
40 9.75 99 0 46.04 12.8 7
29 9 99 0 46.04 12.8 8
29 9.75 99 1 37.05 10.3 9
132 24.4 361 0 28.23 5.9 7
64 26 361 0 28.23 5.9 8
65 23 100 0 24.62 4.9 7
66 25.67 100 0 24.62 4.9 8
50 15.8 101 0 24.62 4.9 7
31 13.33 101 0 24.62 4.9 8
26 5.25 102 0 46.04 12.8 7
17 4 102 0 46.04 12.8 8
24 5.25 102 1 37.05 10.3 9
10 4.4 103 0 46.04 12.8 7
17 3.67 103 0 46.04 12.8 8
2 3 104 0 46.04 12.8 7
3 1.33 104 0 46.04 12.8 8
31 1.8 105 0 46.04 12.8 7
14 2 105 0 46.04 12.8 8
21 3.75 106 0 46.04 12.8 7
6 3.5 106 0 46.04 12.8 8
13 3.75 106 1 37.05 10.3 9
10 6.25 107 0 43.4 11.5 7
7 8 107 0 43.4 11.5 8
16 6.25 107 1 33.96 9 9
78 17.6 108 0 24.62 4.9 7
35 17.33 108 0 24.62 4.9 8
99 22 109 0 24.62 4.9 7
36 23.67 109 0 24.62 4.9 8
48 9.5 110 0 46.04 12.8 7
33 8 110 0 46.04 12.8 8
18 9.5 110 1 37.05 10.3 9
31 4 111 0 46.04 12.8 7
11 1.5 111 0 46.04 12.8 8
17 4 111 1 37.05 10.3 9
58 15.25 112 0 43.4 11.5 7
21 16 112 0 43.4 11.5 8
28 15.25 112 1 33.96 9 9
48 10.5 113 0 43.4 11.5 7
28 11.5 113 0 43.4 11.5 8
36 10.5 113 1 33.96 9 9
41 7.5 114 0 43.4 11.5 7
11 7 114 0 43.4 11.5 8
26 7.5 114 1 33.96 9 9
27 11.75 115 0 43.4 11.5 7
17 11 115 0 43.4 11.5 8
55 11.75 115 1 33.96 9 9
23 5.25 116 0 46.04 12.8 7
10 5.5 116 0 46.04 12.8 8
26 5.25 116 1 37.05 10.3 9
9 3.2 117 0 46.04 12.8 7
11 3.67 117 0 46.04 12.8 8
32 4.4 118 0 46.04 12.8 7
10 5.67 118 0 46.04 12.8 8
27 1.25 119 0 46.04 12.8 7
3 1.5 119 0 46.04 12.8 8
2 1.25 119 1 37.05 10.3 9
15 7.5 120 0 46.04 12.8 7
9 7.5 120 1 37.05 10.3 9
35 2.25 121 0 46.04 12.8 7
14 2 121 0 46.04 12.8 8
14 2.25 121 1 37.05 10.3 9
29 7.25 122 0 43.4 11.5 7
11 8.5 122 0 43.4 11.5 8
20 7.25 122 1 33.96 9 9
14 4.4 123 0 46.04 12.8 7
23 2.8 124 0 46.04 12.8 7
14 3.33 124 0 46.04 12.8 8
14 3 125 0 46.04 12.8 7
20 1.67 125 0 46.04 12.8 8
17 8 126 0 43.4 11.5 7
20 8.5 126 0 43.4 11.5 8
34 8 126 1 33.96 9 9
21 2.75 127 0 46.04 12.8 7
9 2.5 127 0 46.04 12.8 8
9 2.75 127 1 37.05 10.3 9
48 5.33 128 0 37.24 8.9 7
16 3.5 128 0 37.24 8.9 8
22 5.33 128 1 26.78 6.4 9
10 1.5 129 0 46.04 12.8 7
8 2.5 129 0 46.04 12.8 8
17 1.5 129 1 37.05 10.3 9
28 7 130 0 46.04 12.8 7
12 5.5 130 0 46.04 12.8 8
10 7 130 1 37.05 10.3 9
10 4 131 0 46.04 12.8 7
9 2.5 131 0 46.04 12.8 8
13 4 131 1 37.05 10.3 9
50 9 132 0 46.04 12.8 7
28 8 132 0 46.04 12.8 8
48 9 132 1 37.05 10.3 9
27 7.5 133 0 43.4 11.5 7
14 6.5 133 0 43.4 11.5 8
17 7.5 133 1 33.96 9 9
40 8.75 134 0 46.04 12.8 7
30 11 134 0 46.04 12.8 8
21 8.75 134 1 37.05 10.3 9
26 7.8 135 0 46.04 12.8 7
17 7.33 135 0 46.04 12.8 8
44 9.25 136 0 46.04 12.8 7
19 10.5 136 0 46.04 12.8 8
29 9.25 136 1 37.05 10.3 9
9 3 137 0 46.04 12.8 7
2 3.33 137 0 46.04 12.8 8
43 3.33 138 0 46.04 12.8 7
10 4 138 0 46.04 12.8 8
30 3.33 138 1 37.05 10.3 9
16 1.8 139 0 46.04 12.8 7
11 2.67 139 0 46.04 12.8 8
16 4.25 140 0 46.04 12.8 7
18 2.6 141 0 46.04 12.8 7
6 1.33 141 0 46.04 12.8 8
78 11 142 0 24.62 4.9 7
20 3.5 143 0 46.04 12.8 7
9 4.5 143 0 46.04 12.8 8
26 3.5 143 1 37.05 10.3 9
14 3.6 144 0 46.04 12.8 7
4 4 144 0 46.04 12.8 8
11 2.4 145 0 46.04 12.8 7
8 1.67 145 0 46.04 12.8 8
12 3.4 146 0 46.04 12.8 7
7 3.67 146 0 46.04 12.8 8
74 30.75 147 1 21.69 5.4 9
13 4 148 1 21.69 5.4 9
21 9 149 0 26.78 6.4 7
10 9 149 0 26.78 6.4 8
30 9 149 1 18.41 4.4 9
9 3 151 0 33.96 9 7
6 1.75 152 1 21.69 5.4 9
11 0.2 153 0 37.05 10.3 7
27 6.75 154 0 39.76 9.9 7
11 5.5 154 0 39.76 9.9 8
25 6.75 154 1 29.72 7.4 9
23 12.75 156 1 26.78 6.4 9
12 2.75 157 0 29.72 7.4 7
6 2.75 157 1 21.69 5.4 9
